X,A,C,D,E,F,G,H,I,K,L,M,N,P,Q,R,S,T,V,W,Y
A,1,0.483,0.104,0.104,0.255,0.642,0.138,0.462,0.138,0.483,0.504,0.104,0.642,0.104,0.104,0.394,0.449,0.504,0.462,0.228
C,0.483,1,0,0,0.173,0.6,0.035,0.207,0.035,0.207,0.545,0.2,0.421,0.2,0,0.4,0.421,0.173,0.338,0.483
D,0.104,0,1,0.904,0.035,0.069,0.441,0,0.31,0,0.035,0.669,0.138,0.449,0.483,0.242,0.207,0,0.035,0
E,0.104,0,0.904,1,0.035,0.104,0.441,0.035,0.449,0.069,0.035,0.587,0.104,0.586,0.628,0.173,0.138,0.035,0.095,0.035
F,0.255,0.173,0.035,0.035,1,0,0.104,0.752,0.035,0.752,0.607,0,0.2,0.035,0.035,0.035,0,0.71,0.793,0.794
G,0.642,0.6,0.069,0.104,0,1,0.138,0.948,0.035,0.2,0.2,0.338,0.587,0.31,0.104,0.524,0.504,0.228,0.2,0.441
H,0.138,0.035,0.441,0.441,0.104,0.138,1,0.035,0.628,0.035,0.069,0.524,0.104,0.283,0.821,0.276,0.242,0.035,0.138,0.173
I,0.462,0.207,0,0.035,0.752,0.948,0.035,1,0.035,0.931,0.731,0,0.2,0.035,0.035,0,0,0.973,0.524,0.366
K,0.138,0.035,0.31,0.449,0.035,0.035,0.628,0.035,1,0.035,0.095,0.338,0.138,0.711,0.931,0.338,0.31,0.035,0.069,0
L,0.483,0.207,0,0.069,0.752,0.2,0.035,0.931,0.035,1,0.855,0,0.2,0.069,0.069,0,0,0.91,0.524,0.394
M,0.504,0.545,0.035,0.035,0.607,0.2,0.069,0.731,0.095,0.855,1,0,0.4,0.035,0.035,0.031,0,0.711,0.394,0.207
N,0.104,0.2,0.669,0.587,0,0.338,0.524,0,0.338,0,0,1,0.173,0.766,0.545,0.559,0.449,0,0.035,0.283
P,0.642,0.421,0.138,0.104,0.2,0.587,0.104,0.2,0.138,0.2,0.4,0.173,1,0.207,0.104,0.366,0.394,0.2,0.457,0.228
Q,0.104,0.2,0.449,0.586,0.035,0.31,0.283,0.035,0.711,0.069,0.035,0.766,0.207,1,0.642,0.607,0.587,0.035,0.069,0.228
R,0.104,0,0.483,0.628,0.035,0.104,0.821,0.035,0.931,0.069,0.035,0.545,0.104,0.642,1,0.242,0.138,0.035,0.035,0.035
S,0.394,0.4,0.242,0.173,0.035,0.524,0.276,0,0.338,0,0.031,0.559,0.366,0.607,0.242,1,0.917,0,0.228,0.462
T,0.449,0.421,0.207,0.138,0,0.504,0.242,0,0.31,0,0,0.449,0.394,0.587,0.138,0.917,1,0,0.283,0.462
V,0.504,0.173,0,0.035,0.71,0.228,0.035,0.973,0.035,0.91,0.711,0,0.2,0.035,0.035,0,0,1,0.545,0.394
W,0.462,0.338,0.035,0.095,0.793,0.2,0.138,0.524,0.069,0.524,0.394,0.035,0.457,0.069,0.035,0.228,0.283,0.545,1,0.821
Y,0.228,0.483,0,0.035,0.794,0.441,0.173,0.366,0,0.394,0.207,0.283,0.228,0.228,0.035,0.462,0.462,0.394,0.821,1